# roll pitch yaw tx ty tz
0.025416 -0.524087 -0.286676 -0.066220 -0.102756 0.375352
0.030950 -0.525136 -0.289061 -0.066074 -0.102865 0.375838
0.027525 -0.524264 -0.289293 -0.066398 -0.102996 0.375301
0.028976 -0.524021 -0.290898 -0.066549 -0.103097 0.375317
0.029612 -0.523932 -0.292444 -0.066734 -0.103070 0.375213
0.031429 -0.523808 -0.293975 -0.067003 -0.103243 0.375242
0.037130 -0.527668 -0.296959 -0.066959 -0.103357 0.375182
0.034229 -0.524249 -0.297543 -0.067616 -0.103453 0.375030
0.035201 -0.524254 -0.299166 -0.068030 -0.103757 0.374729
0.037550 -0.524482 -0.301518 -0.068456 -0.103939 0.374404
0.038896 -0.524567 -0.303442 -0.068864 -0.104208 0.373948
0.041038 -0.524485 -0.305794 -0.069414 -0.104482 0.373500
0.042912 -0.524405 -0.307955 -0.069980 -0.104776 0.373047
0.045266 -0.525100 -0.310457 -0.070521 -0.105054 0.372471
0.046947 -0.525274 -0.312776 -0.071120 -0.105367 0.371966
0.049550 -0.525014 -0.315450 -0.071762 -0.105564 0.371453
0.052387 -0.525601 -0.318377 -0.072378 -0.105631 0.370632
0.054639 -0.525095 -0.321018 -0.073062 -0.105637 0.369968
0.057736 -0.526074 -0.324232 -0.073712 -0.105641 0.369251
0.060406 -0.526089 -0.327257 -0.074266 -0.105499 0.368758
0.063552 -0.526575 -0.330413 -0.074678 -0.105189 0.368257
0.066516 -0.526445 -0.333617 -0.074973 -0.104680 0.368001
0.069382 -0.527049 -0.336930 -0.075231 -0.103945 0.367459
0.073008 -0.527207 -0.340594 -0.075391 -0.102981 0.367190
0.076307 -0.527232 -0.344264 -0.075451 -0.101633 0.366773
0.080701 -0.527318 -0.348212 -0.075440 -0.099966 0.366379
0.083656 -0.528074 -0.351756 -0.075354 -0.098025 0.365980
0.087289 -0.528078 -0.355450 -0.075410 -0.096008 0.365385
0.090963 -0.529125 -0.359598 -0.075411 -0.093923 0.364784
0.094580 -0.529424 -0.363316 -0.075457 -0.091803 0.364150
0.098309 -0.530120 -0.367454 -0.075669 -0.089675 0.363411
0.101526 -0.529938 -0.371172 -0.076053 -0.087527 0.362783
0.105258 -0.531488 -0.375376 -0.076558 -0.085436 0.361962
0.109141 -0.532048 -0.379363 -0.077095 -0.083342 0.361089
0.112650 -0.532981 -0.383537 -0.077604 -0.081436 0.359884
0.117705 -0.534577 -0.388303 -0.077880 -0.079571 0.358415
0.121576 -0.535680 -0.392523 -0.078087 -0.077661 0.357129
0.126325 -0.536589 -0.397099 -0.078167 -0.075769 0.355888
0.130952 -0.537436 -0.401726 -0.078078 -0.073701 0.354723
0.134800 -0.538517 -0.405851 -0.077863 -0.071463 0.353442
0.139728 -0.540578 -0.410638 -0.077451 -0.069230 0.351523
0.144127 -0.541461 -0.415057 -0.077183 -0.067166 0.349554
0.148230 -0.542690 -0.419345 -0.076856 -0.065393 0.347292
0.153297 -0.544021 -0.424061 -0.076461 -0.063717 0.344955
0.157385 -0.545296 -0.428385 -0.076357 -0.062059 0.343096
0.162652 -0.547292 -0.433270 -0.075991 -0.060382 0.340840
0.167811 -0.548592 -0.438080 -0.075644 -0.058604 0.338848
0.172912 -0.550636 -0.442790 -0.075045 -0.056800 0.336833
0.177700 -0.551849 -0.447279 -0.074395 -0.055269 0.335037
0.182345 -0.553565 -0.451804 -0.073748 -0.053853 0.333392
0.187546 -0.555526 -0.456385 -0.072926 -0.052548 0.331734
0.192338 -0.557061 -0.460891 -0.072485 -0.051537 0.330282
0.197740 -0.558697 -0.465617 -0.071970 -0.050650 0.328764
0.203122 -0.561185 -0.470358 -0.071148 -0.049813 0.327399
0.210935 -0.562457 -0.476174 -0.070101 -0.048717 0.326258
0.212933 -0.564491 -0.479230 -0.069137 -0.047766 0.325212
0.218604 -0.566993 -0.483806 -0.068362 -0.046935 0.324182
0.223222 -0.568715 -0.488159 -0.067719 -0.046239 0.323465
0.228369 -0.570893 -0.492571 -0.066939 -0.045470 0.322584
0.234062 -0.572974 -0.497103 -0.066133 -0.044777 0.321688
0.239230 -0.575215 -0.501323 -0.065405 -0.044131 0.320868
0.243494 -0.577637 -0.505419 -0.064789 -0.043427 0.320243
0.249813 -0.579559 -0.510039 -0.064193 -0.042617 0.319360
0.255019 -0.581827 -0.514108 -0.063670 -0.041876 0.318607
0.260459 -0.584035 -0.518279 -0.063235 -0.041223 0.317958
0.265917 -0.586389 -0.522469 -0.062825 -0.040634 0.317752
0.270558 -0.587983 -0.526189 -0.062583 -0.040055 0.317773
0.276467 -0.590750 -0.530502 -0.062499 -0.039582 0.317369
0.281681 -0.592684 -0.534452 -0.062393 -0.039052 0.317132
0.287140 -0.595835 -0.538446 -0.062284 -0.038491 0.317010
0.292459 -0.598754 -0.542262 -0.062088 -0.038044 0.316957
0.297430 -0.601615 -0.546025 -0.061699 -0.037699 0.317093
0.303263 -0.604861 -0.550014 -0.061228 -0.037415 0.317102
0.307901 -0.607466 -0.553395 -0.060826 -0.037252 0.317159
0.314037 -0.610216 -0.557590 -0.060479 -0.037000 0.316909
0.319347 -0.613375 -0.561246 -0.060015 -0.036925 0.316424
0.325179 -0.616429 -0.565174 -0.059432 -0.036716 0.316051
0.330789 -0.618960 -0.568915 -0.058740 -0.036302 0.315585
0.335543 -0.621685 -0.572197 -0.058036 -0.036002 0.315426
0.340456 -0.624031 -0.575366 -0.057530 -0.035666 0.315213
0.345846 -0.626623 -0.578755 -0.057057 -0.035463 0.314976
0.350726 -0.629234 -0.581690 -0.056612 -0.035285 0.314652
0.355617 -0.632132 -0.584677 -0.055964 -0.034979 0.314154
0.360225 -0.634857 -0.587624 -0.055397 -0.034579 0.313723
0.364934 -0.637492 -0.590340 -0.054956 -0.034149 0.312746
0.369949 -0.640372 -0.593204 -0.054663 -0.033894 0.311742
0.374659 -0.643055 -0.595912 -0.054563 -0.033568 0.310675
0.379588 -0.645569 -0.598794 -0.054527 -0.033223 0.309622
0.384256 -0.648736 -0.601454 -0.054560 -0.033030 0.308845
0.388410 -0.650620 -0.603680 -0.054565 -0.032782 0.308273
0.393352 -0.652984 -0.606427 -0.054322 -0.032506 0.307759
0.398111 -0.655571 -0.609101 -0.054261 -0.032278 0.307211
0.401908 -0.659410 -0.611199 -0.054077 -0.032131 0.306479
0.406891 -0.661543 -0.613905 -0.053964 -0.031828 0.306008
0.410774 -0.664349 -0.616159 -0.054046 -0.031598 0.305360
0.415165 -0.666580 -0.618292 -0.054089 -0.031382 0.304700
0.419354 -0.669647 -0.620557 -0.054116 -0.031242 0.303748
0.424034 -0.671744 -0.623053 -0.054004 -0.031159 0.302722
0.427983 -0.674042 -0.625173 -0.053655 -0.031112 0.302206
0.432381 -0.676269 -0.627494 -0.053240 -0.031110 0.301410
0.435929 -0.678712 -0.629353 -0.052635 -0.030944 0.300763
0.439299 -0.681300 -0.631127 -0.052064 -0.030779 0.299689
0.443292 -0.683272 -0.633213 -0.051394 -0.030684 0.298769
0.446559 -0.685857 -0.635032 -0.050644 -0.030454 0.298205
0.449892 -0.687570 -0.636734 -0.050026 -0.030168 0.297544
0.453358 -0.690440 -0.638500 -0.049300 -0.029938 0.296767
0.456196 -0.691813 -0.639994 -0.048622 -0.029558 0.295997
0.459067 -0.693911 -0.641401 -0.047975 -0.029348 0.295236
0.461918 -0.695661 -0.642942 -0.047287 -0.029057 0.294773
0.464706 -0.697781 -0.644380 -0.046594 -0.028832 0.294199
0.467405 -0.699202 -0.645712 -0.046027 -0.028579 0.293891
0.469674 -0.701172 -0.646938 -0.045564 -0.028379 0.293342
0.471645 -0.703399 -0.647880 -0.045218 -0.028319 0.293222
0.474024 -0.704841 -0.649114 -0.045144 -0.028276 0.292883
0.476103 -0.706616 -0.650192 -0.045041 -0.028236 0.292758
0.478723 -0.707290 -0.651418 -0.045094 -0.028259 0.292725
0.480569 -0.709072 -0.652275 -0.045196 -0.028428 0.292633
0.481597 -0.710795 -0.652510 -0.045285 -0.028612 0.292397
0.483764 -0.712091 -0.653712 -0.045236 -0.028697 0.292358
0.484574 -0.713285 -0.653876 -0.045242 -0.028619 0.292233
0.486315 -0.714644 -0.654657 -0.045219 -0.028444 0.292064
0.487356 -0.715379 -0.655161 -0.045329 -0.028259 0.292128
0.487452 -0.716714 -0.654787 -0.045445 -0.028176 0.292052
0.486852 -0.718075 -0.654258 -0.045593 -0.028178 0.292221
0.488017 -0.718939 -0.654923 -0.045750 -0.028109 0.292044
0.487196 -0.719895 -0.654198 -0.045994 -0.028014 0.291971
0.487688 -0.720511 -0.654183 -0.046263 -0.027874 0.291741
0.487370 -0.721513 -0.653823 -0.046547 -0.027822 0.291821
0.486604 -0.722166 -0.653240 -0.046821 -0.027738 0.291990
0.485818 -0.723059 -0.652558 -0.047083 -0.027760 0.291780
0.483978 -0.723751 -0.651571 -0.047375 -0.027757 0.291872
0.483011 -0.723767 -0.650592 -0.047606 -0.027665 0.291655
0.481613 -0.723999 -0.649837 -0.047868 -0.027567 0.291659
0.479916 -0.724716 -0.648546 -0.048038 -0.027654 0.291775
0.478049 -0.724739 -0.647549 -0.048219 -0.027722 0.292037
0.475437 -0.725617 -0.645771 -0.048365 -0.028000 0.292386
0.472955 -0.725345 -0.644127 -0.048536 -0.028240 0.292647
0.470282 -0.725913 -0.642553 -0.048753 -0.028503 0.292894
0.467077 -0.725465 -0.640486 -0.049151 -0.028871 0.293293
0.464085 -0.726034 -0.638603 -0.049471 -0.029274 0.293693
0.460332 -0.725427 -0.636088 -0.049754 -0.029653 0.294477
0.456598 -0.725881 -0.633845 -0.049977 -0.030057 0.295371
0.452858 -0.725393 -0.631487 -0.050202 -0.030521 0.296321
0.448547 -0.725459 -0.628617 -0.050484 -0.031108 0.297255
0.444171 -0.724787 -0.625784 -0.050758 -0.031630 0.298263
0.439938 -0.724413 -0.623147 -0.050965 -0.032117 0.298951
0.435359 -0.723819 -0.620105 -0.051173 -0.032632 0.299401
0.430229 -0.723103 -0.616958 -0.051467 -0.033146 0.299966
0.425703 -0.722161 -0.614123 -0.051717 -0.033619 0.300368
0.420180 -0.721490 -0.610513 -0.051889 -0.034141 0.300482
0.414972 -0.720791 -0.607434 -0.052007 -0.034644 0.300735
0.409827 -0.719488 -0.604014 -0.052068 -0.035052 0.300978
0.403321 -0.718892 -0.599931 -0.052093 -0.035527 0.301594
0.396947 -0.718538 -0.595897 -0.052059 -0.036005 0.301982
0.390987 -0.717187 -0.592060 -0.052003 -0.036445 0.302549
0.383856 -0.716263 -0.587679 -0.051997 -0.036967 0.303188
0.377250 -0.715210 -0.583575 -0.051924 -0.037401 0.303846
0.370902 -0.713988 -0.579519 -0.051802 -0.037856 0.304641
0.363793 -0.712526 -0.575160 -0.051587 -0.038271 0.305546
0.356422 -0.711218 -0.570431 -0.051239 -0.038606 0.306870
0.348568 -0.709868 -0.565445 -0.051123 -0.038959 0.308192
0.339703 -0.708119 -0.560000 -0.051117 -0.039397 0.309924
0.331224 -0.706368 -0.554435 -0.051212 -0.039899 0.311221
0.323377 -0.703999 -0.549646 -0.051609 -0.040457 0.312065
0.314794 -0.702887 -0.544107 -0.051948 -0.041162 0.312816
0.306436 -0.701265 -0.538703 -0.052420 -0.042001 0.313406
0.298429 -0.699371 -0.533658 -0.053058 -0.042838 0.314112
0.290257 -0.697315 -0.528279 -0.053733 -0.043660 0.315139
0.281882 -0.695558 -0.522929 -0.054584 -0.044685 0.316058
0.273592 -0.693663 -0.517673 -0.055441 -0.045708 0.317165
0.264142 -0.691555 -0.511507 -0.056216 -0.046827 0.318766
0.256562 -0.689612 -0.506431 -0.056824 -0.047882 0.319700
0.247383 -0.687857 -0.500450 -0.057394 -0.049019 0.320755
0.239709 -0.685024 -0.495470 -0.058074 -0.049944 0.321563
0.230884 -0.683515 -0.489413 -0.058803 -0.050920 0.322316
0.221740 -0.681341 -0.483406 -0.059673 -0.051860 0.322978
0.212224 -0.678507 -0.477412 -0.060658 -0.052770 0.323658
0.202866 -0.676288 -0.471090 -0.061648 -0.053749 0.324459
0.194878 -0.674527 -0.465692 -0.062557 -0.054632 0.325132
0.184957 -0.672053 -0.459192 -0.063583 -0.055384 0.326076
0.176242 -0.670074 -0.453359 -0.064640 -0.056060 0.326799
0.167338 -0.667813 -0.447290 -0.065736 -0.056634 0.327725
0.157798 -0.665476 -0.440977 -0.066858 -0.057135 0.328343
0.149119 -0.662840 -0.434921 -0.067984 -0.057613 0.328822
0.140791 -0.661097 -0.429218 -0.068898 -0.058085 0.329455
0.132377 -0.659020 -0.423297 -0.069376 -0.058369 0.329986
0.123513 -0.656995 -0.417143 -0.069745 -0.058703 0.330431
0.114735 -0.655387 -0.410994 -0.070025 -0.059129 0.330745
0.105185 -0.653318 -0.404585 -0.070293 -0.059736 0.330917
0.096315 -0.651062 -0.398364 -0.070563 -0.060607 0.331106
0.087150 -0.649060 -0.391856 -0.070885 -0.061725 0.331309
0.078748 -0.647231 -0.385748 -0.071182 -0.062999 0.331730
0.069676 -0.644887 -0.379530 -0.071567 -0.064350 0.332252
0.060963 -0.642487 -0.373153 -0.072048 -0.065899 0.332744
0.052088 -0.640501 -0.366837 -0.072689 -0.067552 0.333324
0.043310 -0.638147 -0.360510 -0.073409 -0.069341 0.334034
0.035213 -0.636302 -0.354558 -0.074119 -0.071104 0.334638
0.027059 -0.634628 -0.348306 -0.074789 -0.073007 0.335468
0.018599 -0.632022 -0.342056 -0.075479 -0.074970 0.336358
0.011025 -0.630747 -0.336037 -0.076087 -0.076811 0.337391
0.004026 -0.628989 -0.330255 -0.076515 -0.078581 0.338307
-0.003999 -0.626830 -0.324040 -0.076886 -0.080313 0.339357
-0.010910 -0.625639 -0.318111 -0.077003 -0.081953 0.340372
-0.017625 -0.623935 -0.312252 -0.076901 -0.083438 0.341440
-0.024927 -0.622008 -0.306125 -0.076686 -0.084832 0.342245
-0.032268 -0.620302 -0.299759 -0.076378 -0.086054 0.342928
-0.038911 -0.619036 -0.293816 -0.075930 -0.087203 0.343156
-0.046200 -0.617667 -0.287422 -0.075264 -0.088329 0.343331
-0.052602 -0.615793 -0.281460 -0.074376 -0.089209 0.343540
-0.059798 -0.613901 -0.275204 -0.073764 -0.090119 0.343934
-0.067246 -0.611757 -0.268580 -0.073305 -0.091096 0.344549
-0.073801 -0.610498 -0.262302 -0.073032 -0.092121 0.345616
-0.079292 -0.608373 -0.256601 -0.072684 -0.092957 0.347191
-0.086195 -0.607147 -0.250024 -0.072142 -0.093696 0.348774
-0.092471 -0.605417 -0.243852 -0.071705 -0.094432 0.350458
-0.097343 -0.603557 -0.238191 -0.071144 -0.094949 0.352443
-0.103273 -0.602353 -0.231852 -0.070389 -0.095354 0.354384
-0.108954 -0.601029 -0.225538 -0.069438 -0.095729 0.356261
-0.115131 -0.600044 -0.218801 -0.068437 -0.096182 0.357918
-0.120902 -0.598270 -0.212536 -0.067472 -0.096515 0.359292
-0.126856 -0.597260 -0.205795 -0.066610 -0.096969 0.360090
-0.132510 -0.596458 -0.199212 -0.065958 -0.097514 0.360598
-0.137822 -0.594784 -0.192833 -0.065309 -0.098045 0.361323
-0.143753 -0.593894 -0.185988 -0.064802 -0.098765 0.362106
-0.147801 -0.592192 -0.180155 -0.064236 -0.099560 0.363221
-0.152843 -0.590791 -0.173732 -0.063764 -0.100329 0.364560
-0.157375 -0.589559 -0.167544 -0.063412 -0.101276 0.365795
-0.161639 -0.587873 -0.161404 -0.063109 -0.102117 0.367206
-0.166033 -0.586674 -0.155053 -0.062730 -0.103000 0.368282
-0.170037 -0.584779 -0.149067 -0.062452 -0.103943 0.369491
-0.173745 -0.583135 -0.143297 -0.062272 -0.104729 0.370725
-0.177632 -0.581710 -0.137013 -0.061924 -0.105542 0.371837
-0.180787 -0.580036 -0.131252 -0.061605 -0.106474 0.373198
-0.184327 -0.578379 -0.125296 -0.061143 -0.107430 0.374563
-0.187922 -0.576763 -0.119293 -0.060575 -0.108313 0.375966
-0.190958 -0.574980 -0.113604 -0.060000 -0.109044 0.377371
-0.193978 -0.573057 -0.107801 -0.059341 -0.109710 0.378631
-0.196421 -0.571206 -0.102365 -0.058817 -0.110292 0.379652
-0.199680 -0.569705 -0.096310 -0.058258 -0.110867 0.380315
-0.201787 -0.567555 -0.091091 -0.057770 -0.111496 0.380826
-0.203807 -0.565870 -0.085736 -0.057189 -0.111969 0.381496
-0.206180 -0.563988 -0.080316 -0.056617 -0.112403 0.382215
-0.208554 -0.561538 -0.074915 -0.056103 -0.112811 0.382948
-0.210506 -0.558980 -0.069554 -0.055709 -0.113282 0.383594
-0.211519 -0.556780 -0.064647 -0.055161 -0.113564 0.384095
-0.213106 -0.554309 -0.059717 -0.054695 -0.113864 0.384287
-0.214725 -0.551526 -0.054685 -0.054340 -0.113931 0.384527
-0.215716 -0.548513 -0.050134 -0.054171 -0.113857 0.384630
-0.216318 -0.546104 -0.045752 -0.053969 -0.113656 0.384795
-0.217977 -0.542858 -0.040940 -0.053867 -0.113189 0.384970
-0.218368 -0.539978 -0.036605 -0.053892 -0.112707 0.385121
-0.218581 -0.536813 -0.032698 -0.053853 -0.111956 0.385411
-0.218941 -0.533644 -0.028637 -0.053910 -0.111166 0.385626
-0.219471 -0.530655 -0.024452 -0.054000 -0.110417 0.385813
-0.219269 -0.527435 -0.020864 -0.054107 -0.109519 0.385862
-0.218486 -0.524194 -0.017513 -0.054098 -0.108475 0.385882
-0.218708 -0.521105 -0.013799 -0.054090 -0.107243 0.385647
-0.218740 -0.517487 -0.010477 -0.054211 -0.106143 0.385215
-0.218414 -0.514450 -0.007198 -0.054350 -0.105011 0.385079
-0.218044 -0.511046 -0.003976 -0.054441 -0.103942 0.385112
-0.217270 -0.507170 -0.001079 -0.054503 -0.102920 0.385121
-0.216289 -0.504111 0.001660 -0.054576 -0.101949 0.384890
-0.215199 -0.499992 0.004086 -0.054720 -0.100965 0.384613
-0.213853 -0.495990 0.006235 -0.054898 -0.099924 0.384269
-0.212871 -0.492211 0.008651 -0.055106 -0.098887 0.383805
-0.211644 -0.488347 0.010939 -0.055385 -0.097904 0.383137
-0.209890 -0.483891 0.012706 -0.055793 -0.097047 0.382262
-0.209263 -0.480140 0.015108 -0.056206 -0.096271 0.381438
-0.207413 -0.475872 0.016748 -0.056700 -0.095460 0.380664
-0.206282 -0.471672 0.018563 -0.057306 -0.094744 0.379698
-0.204376 -0.467560 0.019922 -0.058200 -0.094133 0.378784
-0.202500 -0.463434 0.021450 -0.059237 -0.093564 0.378018
-0.201083 -0.458841 0.022844 -0.060463 -0.093213 0.377479
-0.198948 -0.454681 0.024022 -0.061828 -0.092937 0.377304
-0.197055 -0.450859 0.025150 -0.063244 -0.092614 0.377328
-0.194563 -0.447100 0.026004 -0.064637 -0.092223 0.377667
-0.191950 -0.442862 0.026672 -0.066137 -0.091738 0.378051
-0.189996 -0.438875 0.027574 -0.067530 -0.091153 0.378744
-0.188780 -0.435297 0.028723 -0.068999 -0.090576 0.379585
-0.185848 -0.432191 0.029329 -0.070326 -0.090020 0.380214
-0.182950 -0.429265 0.029990 -0.071221 -0.089378 0.380769
-0.180689 -0.425435 0.030534 -0.072113 -0.088642 0.381113
-0.178050 -0.422555 0.031125 -0.072725 -0.087930 0.380909
-0.175316 -0.418935 0.031453 -0.073284 -0.087096 0.380659
-0.172578 -0.415943 0.031892 -0.073792 -0.086116 0.380322
-0.170145 -0.412848 0.032264 -0.074101 -0.085183 0.379719
-0.168509 -0.409475 0.032954 -0.074511 -0.084495 0.378960
-0.166750 -0.407017 0.033640 -0.075073 -0.084066 0.377841
-0.164346 -0.403886 0.033726 -0.075590 -0.083815 0.376329
-0.162707 -0.401392 0.034229 -0.076402 -0.083702 0.375167
-0.161760 -0.398314 0.034935 -0.077321 -0.083696 0.374221
-0.158509 -0.395739 0.035004 -0.078277 -0.083664 0.373495
-0.156979 -0.393189 0.035315 -0.079562 -0.083687 0.373238
-0.155726 -0.390536 0.035827 -0.081093 -0.083866 0.373145
-0.152864 -0.389592 0.036011 -0.082670 -0.083970 0.372909
-0.151376 -0.387549 0.036252 -0.084198 -0.083987 0.373086
-0.149560 -0.386713 0.036714 -0.085655 -0.083869 0.373437
-0.147403 -0.385840 0.037092 -0.086751 -0.083765 0.374046
-0.145442 -0.384922 0.037576 -0.087981 -0.083640 0.375188
-0.144717 -0.385456 0.038642 -0.089014 -0.083638 0.375981
-0.142794 -0.384998 0.039299 -0.089925 -0.083758 0.376721
-0.141453 -0.385592 0.039954 -0.090790 -0.083847 0.377336
-0.138843 -0.386325 0.040566 -0.091291 -0.083951 0.377986
-0.137663 -0.385914 0.041531 -0.091823 -0.083937 0.378954
-0.136635 -0.387381 0.042610 -0.092189 -0.083869 0.379612
-0.135594 -0.387891 0.043614 -0.092357 -0.083859 0.380232
-0.134418 -0.389745 0.045056 -0.092359 -0.083970 0.380506
-0.134129 -0.391277 0.046494 -0.092317 -0.084240 0.380453
-0.133741 -0.392871 0.048024 -0.092124 -0.084666 0.380232
-0.132059 -0.395044 0.049144 -0.091843 -0.085009 0.380156
-0.131473 -0.397337 0.050866 -0.091304 -0.085300 0.380167
-0.130836 -0.401240 0.052613 -0.090367 -0.085928 0.380126
-0.130814 -0.404607 0.054508 -0.089031 -0.086864 0.380252
-0.130016 -0.408581 0.056269 -0.087203 -0.087992 0.380411
-0.130034 -0.412078 0.058261 -0.085011 -0.089266 0.380888
-0.130144 -0.416150 0.060681 -0.082560 -0.090760 0.381970
-0.130227 -0.419648 0.062821 -0.079894 -0.092628 0.383307
-0.130532 -0.424163 0.065028 -0.077085 -0.094622 0.384774
-0.130954 -0.428241 0.067550 -0.074312 -0.096630 0.386401
-0.130935 -0.431245 0.069712 -0.071912 -0.098479 0.388300
-0.130836 -0.436237 0.072052 -0.069479 -0.100099 0.389748
-0.131534 -0.440952 0.074706 -0.067021 -0.101666 0.391190
-0.132220 -0.445702 0.077476 -0.064411 -0.103242 0.392729
-0.132973 -0.450214 0.080026 -0.061858 -0.104740 0.394375
-0.133874 -0.455326 0.082897 -0.059215 -0.106252 0.395905
-0.134824 -0.460720 0.085662 -0.056693 -0.107913 0.397286
-0.135631 -0.466415 0.088531 -0.054253 -0.109478 0.398634
-0.136673 -0.471512 0.091422 -0.051738 -0.110965 0.399880
-0.137761 -0.476805 0.094376 -0.049403 -0.112319 0.401068
-0.138760 -0.482538 0.097333 -0.047257 -0.113552 0.402092
-0.140114 -0.487873 0.100335 -0.045269 -0.114574 0.402908
-0.140928 -0.493514 0.103221 -0.043533 -0.115343 0.403539
-0.142861 -0.499990 0.106585 -0.041942 -0.116046 0.403925
-0.144585 -0.505927 0.109713 -0.040441 -0.116720 0.404734
-0.145855 -0.512658 0.112870 -0.039161 -0.117400 0.405595
-0.147599 -0.519245 0.116212 -0.037918 -0.117853 0.406326
-0.149349 -0.524898 0.119333 -0.037200 -0.118255 0.407027
-0.151445 -0.532026 0.122941 -0.036898 -0.118609 0.408105
-0.153377 -0.538814 0.126186 -0.036471 -0.118793 0.409100
-0.155751 -0.545988 0.129774 -0.035950 -0.118999 0.410226
-0.157625 -0.553270 0.133079 -0.035269 -0.119157 0.411382
-0.159693 -0.560337 0.136448 -0.034681 -0.119297 0.412955
-0.161516 -0.567312 0.139784 -0.034143 -0.119293 0.414718
-0.162860 -0.574744 0.142827 -0.033417 -0.118958 0.416441
-0.165391 -0.581477 0.146517 -0.032752 -0.118549 0.418162
-0.167384 -0.588728 0.149832 -0.032045 -0.117906 0.419466
-0.170251 -0.595645 0.153573 -0.031467 -0.117436 0.420513
-0.173120 -0.603309 0.157238 -0.031151 -0.117201 0.421312
-0.174927 -0.610070 0.160465 -0.030807 -0.116856 0.421977
-0.177536 -0.617602 0.164030 -0.030619 -0.116353 0.422298
-0.179851 -0.624268 0.167269 -0.030454 -0.115868 0.422513
-0.182163 -0.631121 0.170529 -0.030332 -0.115309 0.422576
-0.184702 -0.638109 0.173801 -0.030205 -0.114835 0.422341
-0.186821 -0.644886 0.176935 -0.030128 -0.114421 0.421954
-0.188659 -0.651515 0.179826 -0.030080 -0.113836 0.421503
-0.191179 -0.658739 0.183140 -0.030162 -0.113092 0.420640
-0.193537 -0.665085 0.186248 -0.030440 -0.112198 0.419414
-0.194549 -0.671988 0.188586 -0.030813 -0.111225 0.418085
-0.198034 -0.678712 0.192110 -0.031256 -0.110273 0.416546
-0.199943 -0.684544 0.194739 -0.031651 -0.109307 0.414932
-0.201931 -0.691269 0.197547 -0.032126 -0.108281 0.412966
-0.204897 -0.698282 0.200688 -0.032830 -0.107402 0.411330
-0.206649 -0.704276 0.203093 -0.033394 -0.106614 0.409833
-0.208177 -0.710939 0.205573 -0.034110 -0.105855 0.407708
-0.210843 -0.716841 0.208305 -0.034896 -0.105194 0.405726
-0.213741 -0.721782 0.211220 -0.035542 -0.104733 0.403259
-0.215663 -0.727931 0.213913 -0.036123 -0.104294 0.400601
-0.217119 -0.734158 0.216011 -0.036442 -0.103949 0.397497
-0.220433 -0.739430 0.218923 -0.036710 -0.103767 0.394540
-0.222068 -0.745565 0.221016 -0.036799 -0.103472 0.391494
-0.223388 -0.750877 0.223004 -0.036720 -0.103208 0.388254
-0.225923 -0.755730 0.225719 -0.036707 -0.103041 0.385188
-0.227441 -0.760756 0.227550 -0.036634 -0.102867 0.381786
-0.228109 -0.765789 0.229231 -0.036366 -0.102576 0.378567
-0.229431 -0.771285 0.231050 -0.036046 -0.102308 0.375367
-0.231498 -0.775545 0.232855 -0.035903 -0.101928 0.372650
-0.231795 -0.779140 0.234089 -0.036138 -0.101428 0.369739
-0.233164 -0.783125 0.235826 -0.036608 -0.101027 0.367571
-0.235452 -0.786474 0.238481 -0.037261 -0.100653 0.364985
-0.236801 -0.791871 0.239762 -0.037815 -0.100347 0.362740
-0.236652 -0.796088 0.240916 -0.038217 -0.100021 0.360484
-0.239925 -0.799511 0.243986 -0.038577 -0.099845 0.358477
-0.241464 -0.803662 0.245685 -0.038985 -0.099763 0.356179
-0.241774 -0.806985 0.246620 -0.039070 -0.099500 0.353962
-0.246390 -0.812994 0.251537 -0.038974 -0.099012 0.350200
-0.245287 -0.815005 0.252418 -0.038548 -0.098774 0.348206
-0.247711 -0.819226 0.254141 -0.038031 -0.098745 0.345864
-0.248459 -0.821387 0.255439 -0.037634 -0.098921 0.344224
-0.252106 -0.823539 0.258628 -0.037093 -0.099242 0.342514
-0.254336 -0.825316 0.260846 -0.036425 -0.099686 0.340366
-0.254490 -0.827794 0.261953 -0.035634 -0.100226 0.338666
-0.252938 -0.828588 0.262174 -0.034553 -0.100546 0.336892
-0.256686 -0.831876 0.265337 -0.033122 -0.100986 0.334471
-0.258652 -0.831704 0.267253 -0.031790 -0.101488 0.333260
-0.260920 -0.835488 0.271885 -0.027677 -0.102481 0.328505
-0.264959 -0.835607 0.275494 -0.026437 -0.102726 0.327127
-0.266573 -0.837216 0.277516 -0.025315 -0.102890 0.325586
-0.268946 -0.836452 0.279464 -0.024338 -0.102878 0.324467
-0.269294 -0.838514 0.281530 -0.023286 -0.102714 0.323083
-0.270312 -0.836695 0.282560 -0.022430 -0.102415 0.321986
-0.272040 -0.836298 0.284807 -0.021444 -0.102012 0.321035
-0.274406 -0.835514 0.287401 -0.020526 -0.101564 0.320077
-0.275514 -0.834801 0.288984 -0.019664 -0.101012 0.319086
-0.279693 -0.832483 0.292440 -0.018972 -0.100432 0.318405
-0.278764 -0.832476 0.293003 -0.018341 -0.099694 0.317754
-0.279402 -0.831060 0.295187 -0.017701 -0.099001 0.317432
-0.281938 -0.829528 0.297628 -0.017270 -0.098385 0.317053
-0.285062 -0.828427 0.300679 -0.016597 -0.097567 0.317017
-0.286672 -0.825895 0.303034 -0.015903 -0.096812 0.316898
-0.289457 -0.824113 0.306146 -0.015189 -0.096183 0.316728
-0.292377 -0.821979 0.308983 -0.014522 -0.095736 0.316604
-0.294188 -0.820356 0.311179 -0.013848 -0.095427 0.316588
-0.295974 -0.817242 0.313654 -0.013430 -0.095336 0.317201
-0.299077 -0.814253 0.317455 -0.013272 -0.095522 0.317892
-0.301337 -0.810284 0.319329 -0.013848 -0.096154 0.319349
-0.303827 -0.806465 0.322251 -0.015299 -0.097111 0.321764
-0.306423 -0.801942 0.325138 -0.017488 -0.098481 0.324502
-0.309867 -0.799509 0.328737 -0.020100 -0.100425 0.327559
-0.312070 -0.796293 0.331251 -0.022948 -0.102580 0.330902
-0.314577 -0.793169 0.334063 -0.025878 -0.104941 0.333941
-0.317376 -0.789598 0.337002 -0.028899 -0.107742 0.336742
-0.320073 -0.786716 0.339876 -0.031594 -0.110558 0.339512
-0.322513 -0.783170 0.342755 -0.033677 -0.113426 0.342610
-0.325216 -0.779859 0.345739 -0.035520 -0.116370 0.345796
-0.327572 -0.776252 0.348301 -0.037153 -0.119191 0.348948
-0.329428 -0.771821 0.350653 -0.038623 -0.121993 0.352129
-0.331216 -0.767485 0.352708 -0.039844 -0.124527 0.355075
-0.333428 -0.763167 0.355432 -0.040889 -0.126925 0.358006
-0.335614 -0.759806 0.357734 -0.041767 -0.129087 0.360925
-0.337048 -0.754880 0.359458 -0.042549 -0.130821 0.363825
-0.338363 -0.750572 0.361233 -0.043305 -0.132323 0.366803
-0.340064 -0.746371 0.363155 -0.043985 -0.133656 0.369409
-0.341618 -0.741986 0.364861 -0.044693 -0.134859 0.371861
-0.342915 -0.737502 0.366519 -0.045331 -0.135878 0.374093
-0.343863 -0.733130 0.367847 -0.046015 -0.136868 0.376110
-0.344679 -0.729240 0.369080 -0.046588 -0.137692 0.378193
-0.346029 -0.724603 0.370500 -0.047142 -0.138595 0.380288
-0.346654 -0.722140 0.371246 -0.047548 -0.139669 0.381932
-0.347857 -0.716869 0.372704 -0.047761 -0.140807 0.384064
-0.349540 -0.711457 0.373869 -0.048132 -0.141942 0.385752
-0.348854 -0.707160 0.373776 -0.048672 -0.143228 0.386976
-0.349934 -0.702356 0.374911 -0.049310 -0.144758 0.387889
-0.348901 -0.699241 0.374292 -0.049977 -0.146215 0.388760
-0.348879 -0.695459 0.374396 -0.050438 -0.147634 0.389910
-0.348579 -0.690969 0.373998 -0.050841 -0.148815 0.390895
-0.348227 -0.686818 0.373802 -0.051650 -0.150031 0.391729
-0.347399 -0.683147 0.373145 -0.052647 -0.151264 0.392626
-0.346240 -0.679006 0.372258 -0.053640 -0.152436 0.393922
-0.344979 -0.675375 0.371289 -0.054584 -0.153482 0.395373
-0.343411 -0.672653 0.370092 -0.055630 -0.154496 0.396703
-0.341841 -0.668579 0.368436 -0.056602 -0.155323 0.397515
-0.339989 -0.664991 0.366682 -0.057514 -0.155932 0.398350
-0.338544 -0.661762 0.364930 -0.058322 -0.156398 0.398697
-0.335782 -0.658935 0.362516 -0.059034 -0.156834 0.399182
-0.333281 -0.656304 0.360030 -0.059601 -0.157140 0.399911
-0.330502 -0.653097 0.357108 -0.060072 -0.157370 0.400558
-0.327190 -0.650376 0.353900 -0.060540 -0.157684 0.401393
-0.323801 -0.647275 0.350208 -0.060998 -0.157837 0.402378
-0.320781 -0.644831 0.346789 -0.061439 -0.157921 0.402900
-0.316451 -0.642548 0.342310 -0.061785 -0.158028 0.403512
-0.312399 -0.640173 0.337902 -0.062070 -0.157989 0.404249
-0.309498 -0.637627 0.334117 -0.062337 -0.157711 0.404495
-0.304157 -0.635564 0.328636 -0.062576 -0.157702 0.404563
-0.301133 -0.633089 0.324480 -0.062820 -0.157329 0.404404
-0.295833 -0.631273 0.318679 -0.063269 -0.157301 0.404005
-0.290569 -0.629340 0.312502 -0.063636 -0.157345 0.403745
-0.285165 -0.627319 0.305996 -0.064006 -0.157364 0.403344
-0.279965 -0.625893 0.299610 -0.064213 -0.157375 0.402645
-0.275769 -0.623067 0.294994 -0.064167 -0.156619 0.402208
-0.270069 -0.621665 0.287654 -0.064409 -0.156478 0.400860
-0.263422 -0.619864 0.279790 -0.064716 -0.156305 0.399664
-0.256102 -0.618681 0.271042 -0.065108 -0.156195 0.398857
-0.248596 -0.617769 0.262197 -0.065428 -0.155954 0.398060
-0.240498 -0.616647 0.252512 -0.065942 -0.155618 0.397319
-0.232119 -0.615488 0.242533 -0.066523 -0.155134 0.396798
-0.224434 -0.614465 0.232720 -0.067108 -0.154401 0.396147
-0.215535 -0.613484 0.221999 -0.067686 -0.153598 0.395666
-0.206072 -0.612703 0.210950 -0.068235 -0.152489 0.395124
-0.197510 -0.611796 0.199997 -0.068762 -0.151209 0.394932
-0.187662 -0.611697 0.188229 -0.069008 -0.149673 0.395015
-0.178022 -0.610553 0.176383 -0.069159 -0.147813 0.395141
-0.169004 -0.610320 0.164661 -0.069257 -0.146076 0.395011
-0.159171 -0.609445 0.152336 -0.069028 -0.144265 0.394903
-0.149074 -0.608615 0.140035 -0.068617 -0.142263 0.394703
-0.139226 -0.608324 0.127375 -0.068083 -0.140217 0.394606
-0.128915 -0.607773 0.114345 -0.067210 -0.137963 0.394758
-0.118803 -0.607040 0.101249 -0.066025 -0.135603 0.395033
-0.108138 -0.605423 0.087696 -0.064990 -0.133086 0.395223
-0.097618 -0.604693 0.074097 -0.064058 -0.130452 0.395253
-0.086795 -0.603940 0.060163 -0.063121 -0.127792 0.395190
-0.076142 -0.602820 0.046234 -0.062000 -0.124985 0.395231
-0.065741 -0.601781 0.032214 -0.060817 -0.122335 0.395284
-0.054623 -0.600338 0.017582 -0.059833 -0.119670 0.395272
-0.044317 -0.598728 0.003646 -0.059155 -0.117082 0.395557
-0.032621 -0.597915 -0.011280 -0.058753 -0.114580 0.396087
-0.022252 -0.596399 -0.025738 -0.058257 -0.112161 0.396724
-0.010981 -0.594937 -0.040605 -0.057649 -0.109667 0.397309
0.000549 -0.593734 -0.055835 -0.057011 -0.106959 0.398263
0.011817 -0.591910 -0.070903 -0.056430 -0.104230 0.399213
0.022806 -0.590756 -0.086101 -0.056109 -0.101546 0.399904
0.034486 -0.588809 -0.101429 -0.056038 -0.098820 0.400375
0.045943 -0.587690 -0.116941 -0.056107 -0.095974 0.400627
0.056917 -0.586239 -0.132117 -0.056138 -0.093145 0.400775
0.068047 -0.584731 -0.147676 -0.055954 -0.090175 0.400907
0.078980 -0.583286 -0.163082 -0.055568 -0.086989 0.401305
0.090107 -0.581819 -0.178704 -0.055001 -0.083823 0.401885
0.100083 -0.580163 -0.193747 -0.054455 -0.080850 0.402520
0.110732 -0.578109 -0.209119 -0.053853 -0.078098 0.403268
0.122055 -0.575776 -0.224857 -0.053302 -0.075374 0.404033
0.132473 -0.574238 -0.240251 -0.052759 -0.072524 0.404935
0.142904 -0.572779 -0.255532 -0.051979 -0.069646 0.405482
0.153052 -0.570440 -0.270480 -0.051434 -0.067392 0.405425
0.163226 -0.568414 -0.285630 -0.050853 -0.065463 0.405155
0.173163 -0.566427 -0.300767 -0.050210 -0.063638 0.405015
0.182953 -0.563991 -0.315658 -0.049715 -0.061964 0.405192
0.193178 -0.562090 -0.330741 -0.049060 -0.060300 0.405198
0.202918 -0.559314 -0.345466 -0.048458 -0.058554 0.405167
0.212808 -0.557037 -0.360191 -0.047960 -0.056531 0.405328
0.222197 -0.554585 -0.374504 -0.047299 -0.054401 0.405232
0.232012 -0.552595 -0.388746 -0.046557 -0.052284 0.405124
0.240917 -0.550088 -0.402683 -0.045668 -0.050127 0.405267
0.249441 -0.547872 -0.416205 -0.044663 -0.048119 0.405338
0.258013 -0.545023 -0.429698 -0.043640 -0.046083 0.405755
0.266529 -0.542952 -0.443116 -0.042528 -0.044075 0.406267
0.275109 -0.540141 -0.456141 -0.041603 -0.042024 0.406648
0.283298 -0.538006 -0.469161 -0.040834 -0.039881 0.407292
0.290851 -0.535177 -0.481740 -0.040232 -0.037845 0.407892
0.298146 -0.532823 -0.493931 -0.039869 -0.035889 0.408166
0.305562 -0.530077 -0.506071 -0.039542 -0.033912 0.408712
0.312699 -0.528023 -0.518054 -0.039390 -0.032138 0.408923
0.318976 -0.525179 -0.529351 -0.039616 -0.030538 0.409517
0.325384 -0.522415 -0.540555 -0.040110 -0.029118 0.409924
0.331285 -0.519650 -0.551479 -0.041110 -0.027961 0.410155
0.337825 -0.518119 -0.562629 -0.042251 -0.026993 0.410203
0.343569 -0.515284 -0.573021 -0.043471 -0.026236 0.410196
0.349589 -0.513197 -0.583523 -0.044699 -0.025515 0.409541
0.355081 -0.510184 -0.593499 -0.045913 -0.024825 0.408890
0.360825 -0.507777 -0.603561 -0.047375 -0.024224 0.408113
0.365301 -0.505832 -0.612845 -0.048738 -0.023655 0.407310
0.371137 -0.503555 -0.622610 -0.050219 -0.023163 0.406057
0.375880 -0.501298 -0.631721 -0.051835 -0.022774 0.404863
0.380285 -0.499421 -0.640492 -0.053272 -0.022610 0.403627
0.384482 -0.496654 -0.648978 -0.054849 -0.022634 0.402361
0.391126 -0.497839 -0.658592 -0.056308 -0.022627 0.400978
0.392925 -0.492397 -0.665425 -0.058406 -0.022769 0.399168
0.397065 -0.490672 -0.673269 -0.060297 -0.023040 0.397208
0.399833 -0.488958 -0.680512 -0.062131 -0.023376 0.395626
0.403492 -0.486746 -0.687758 -0.063889 -0.023873 0.394103
0.407204 -0.484916 -0.694969 -0.065428 -0.024276 0.392480
0.410787 -0.482826 -0.701641 -0.066725 -0.024368 0.390943
0.413667 -0.480935 -0.708099 -0.067962 -0.024232 0.389493
0.417547 -0.478897 -0.714473 -0.069076 -0.023757 0.388098
0.419942 -0.477098 -0.720329 -0.070085 -0.023194 0.386780
0.422396 -0.475256 -0.725892 -0.071008 -0.022720 0.385448
0.424700 -0.473726 -0.731186 -0.071491 -0.022342 0.384172
0.426990 -0.471846 -0.736309 -0.071784 -0.022027 0.383082
0.428679 -0.470035 -0.740988 -0.072035 -0.021790 0.382131
0.430536 -0.468319 -0.745486 -0.072054 -0.021428 0.381316
0.432204 -0.466514 -0.749847 -0.072022 -0.021014 0.380382
0.432875 -0.464477 -0.753490 -0.072047 -0.020621 0.379372
0.433938 -0.462963 -0.757106 -0.071961 -0.020156 0.378239
0.434034 -0.461497 -0.760319 -0.071761 -0.019756 0.377011
0.433949 -0.460419 -0.763535 -0.071672 -0.019411 0.375953
0.433278 -0.459273 -0.766384 -0.071510 -0.019267 0.375050
0.432335 -0.458218 -0.769244 -0.071422 -0.019199 0.374407
0.431374 -0.456829 -0.772481 -0.071418 -0.019078 0.374040
0.431008 -0.456085 -0.776574 -0.071351 -0.018980 0.373740
0.429790 -0.454615 -0.780131 -0.071110 -0.018819 0.373436
0.428781 -0.453305 -0.783841 -0.070962 -0.018815 0.372967
0.427504 -0.451673 -0.787213 -0.070610 -0.018854 0.372302
0.425949 -0.449926 -0.790371 -0.070301 -0.018889 0.371873
0.424326 -0.447937 -0.793325 -0.070121 -0.019106 0.371315
0.423458 -0.446706 -0.796624 -0.069864 -0.019388 0.370767
0.421919 -0.444661 -0.799154 -0.069756 -0.019689 0.370289
0.420916 -0.442963 -0.801842 -0.069512 -0.020027 0.369903
0.419530 -0.441248 -0.804032 -0.069307 -0.020390 0.369598
0.418407 -0.440178 -0.806046 -0.068969 -0.020695 0.369333
0.416575 -0.438321 -0.807262 -0.068433 -0.020792 0.369412
0.415431 -0.436829 -0.808412 -0.067759 -0.020764 0.369261
0.413894 -0.434998 -0.809030 -0.067014 -0.020617 0.369253
0.412291 -0.433828 -0.809321 -0.066175 -0.020464 0.369105
0.410242 -0.432668 -0.809030 -0.065424 -0.020339 0.368668
0.408757 -0.430976 -0.808847 -0.064680 -0.020178 0.368409
0.406118 -0.430090 -0.808477 -0.063950 -0.019754 0.368589
0.403128 -0.428994 -0.807795 -0.063195 -0.019258 0.368787
0.400377 -0.428649 -0.807127 -0.062463 -0.018798 0.368748
0.397569 -0.427861 -0.806176 -0.061868 -0.018273 0.368682
0.394667 -0.426989 -0.805423 -0.061256 -0.017548 0.368861
0.391534 -0.426569 -0.804417 -0.060508 -0.016624 0.369402
0.387696 -0.426592 -0.803367 -0.059691 -0.015431 0.369960
0.384718 -0.426339 -0.802061 -0.058934 -0.014274 0.370260
0.381003 -0.426813 -0.800860 -0.058103 -0.013126 0.370298
0.377144 -0.427717 -0.799676 -0.057204 -0.011998 0.369973
0.373324 -0.427512 -0.798355 -0.056323 -0.010623 0.369521
0.367232 -0.428829 -0.797436 -0.055447 -0.008611 0.369243
0.362589 -0.429846 -0.796582 -0.054865 -0.006568 0.368416
0.354913 -0.431425 -0.796077 -0.054310 -0.004029 0.367625
0.347200 -0.433212 -0.795415 -0.053756 -0.001739 0.366826
0.338356 -0.435832 -0.795136 -0.053177 0.000772 0.366299
0.329794 -0.439401 -0.795424 -0.052309 0.003619 0.365701
0.318467 -0.442930 -0.795324 -0.051386 0.006650 0.364875
0.305452 -0.446954 -0.795554 -0.050330 0.010090 0.364194
0.290729 -0.451169 -0.797570 -0.048896 0.014536 0.363486
0.273331 -0.459307 -0.799233 -0.047227 0.020070 0.362636
0.250915 -0.463900 -0.802636 -0.045564 0.026794 0.361606
0.233837 -0.477870 -0.811264 -0.044622 0.033948 0.357859
